1
1
1 1
1
1
1 1
1 1 2
1 1
1
1
1 1
1 1 2
1 1 2 3
1 1 2 3 5
1 1 2 3
1 1 2
1 1
1
1
1 1
1 1 2
1 1 2 3
1 1 2 3 5
1 1 2 3 5 8
1 1 2 3 5 8 13
1 1 2 3 5 8 13 21
1 1 2 3 5 8 13 21 34
1 1 2 3 5 8 13 21 34 55
1 1 2 3 5 8 13 21 34
1 1 2 3 5 8 13 21
1 1 2 3 5 8 13
1 1 2 3 5 8
1 1 2 3 5
1 1 2 3
1 1 2
1 1
1
1
1 1
1 1 2
1 1 2 3
1 1 2 3 5
1 1 2 3 5 8
1 1 2 3 5 8 13
1 1 2 3 5 8 13 21
1 1 2 3 5 8 13 21 34
1 1 2 3 5 8 13 21 34 55
1 1 2 3 5 8 13 21 34 55 89
1 1 2 3 5 8 13 21 34 55 89 144
1 1 2 3 5 8 13 21 34 55 89 144 233
1 1 2 3 5 8 13 21 34 55 89 144 233 377
1 1 2 3 5 8 13 21 34 55 89 144 233 377 610
1 1 2 3 5 8 13 21 34 55 89 144 233 377 610 987
1 1 2 3 5 8 13 21 34 55 89 144 233 377 610 987 1597
1 1 2 3 5 8 13 21 34 55 89 144 233 377 610 987 1597 2584
1 1 2 3 5 8 13 21 34 55 89 144 233 377 610 987 1597 2584 4181
1 1 2 3 5 8 13 21 34 55 89 144 233 377 610 987 1597 2584 4181 6765
1 1 2 3 5 8 13 21 34 55 89 144 233 377 610 987 1597 2584 4181
1 1 2 3 5 8 13 21 34 55 89 144 233 377 610 987 1597 2584
1 1 2 3 5 8 13 21 34 55 89 144 233 377 610 987 1597
1 1 2 3 5 8 13 21 34 55 89 144 233 377 610 987
1 1 2 3 5 8 13 21 34 55 89 144 233 377 610
1 1 2 3 5 8 13 21 34 55 89 144 233 377
1 1 2 3 5 8 13 21 34 55 89 144 233
1 1 2 3 5 8 13 21 34 55 89 144
1 1 2 3 5 8 13 21 34 55 89
1 1 2 3 5 8 13 21 34 55
1 1 2 3 5 8 13 21 34
1 1 2 3 5 8 13 21
1 1 2 3 5 8 13
1 1 2 3 5 8
1 1 2 3 5
1 1 2 3
1 1 2
1 1
1
