200000
20000
2000
200
20
2
200000
20000
2000
200
20
20
200000
20000
2000
200
200
20
200000
20000
2000
2000
200
20
200000
20000
20000
2000
200
20
200000
200000
20000
2000
200
20
2000000
200000
20000
2000
200
20
200000
20000
2000
200
20
2
200000
20000
2000
200
20
20
200000
20000
2000
200
200
20
200000
20000
2000
2000
200
20
200000
20000
20000
2000
200
20
200000
200000
20000
2000
200
20
2000000
200000
20000
2000
200
20
200000
20000
2000
200
20
2
200000
20000
2000
200
20
20
200000
20000
2000
200
200
20
200000
20000
2000
2000
200
20
200000
20000
20000
2000
200
20
200000
200000
20000
2000
200
20
2000000
200000
20000
2000
200
20
0
